Final Robot Position: [39.         12.          0.71770285]
Log Odds Grid:
[[ 0.          0.          0.         ...  0.          0.
   0.        ]
 [ 0.          0.          0.         ...  0.          0.
   0.        ]
 [ 0.          0.          0.         ...  0.          0.
   0.        ]
 ...
 [ 0.84729786  0.          0.         ... -3.38919144 -3.38919144
   3.38919144]
 [ 0.          0.          0.         ... -3.38919144 -3.38919144
   3.38919144]
 [ 0.          0.          0.         ...  3.38919144  2.54189358
   0.84729786]]
Belief Map:
[[0.5        0.5        0.5        ... 0.5        0.5        0.5       ]
 [0.5        0.5        0.5        ... 0.5        0.5        0.5       ]
 [0.5        0.5        0.5        ... 0.5        0.5        0.5       ]
 ...
 [0.7        0.5        0.5        ... 0.03263497 0.03263497 0.96736503]
 [0.5        0.5        0.5        ... 0.03263497 0.03263497 0.96736503]
 [0.5        0.5        0.5        ... 0.96736503 0.92702703 0.7       ]]
